{"categories": ["BACKPACK", "CAP", "HOODIE", "KEYBOARD", "MOUSEPAD", "MUG", "NOTEBOOK", "POSTER", "STICKER", "TSHIRT"], "similarity_matrix": [[0.9999999999999998, 0.31960319793950787, 0.11202269698426473, 0.09341720154837219, 0.09146648669101534, 0.38785016118401267, 0.11670817666376995, 0.11445159799795387, 0.08837232702002938, 0.14556812025472884], [0.31960319793950787, 0.9999999999999996, 0.3241073506090014, 0.09408407414454235, 0.04068573463036594, 0.23548306789516843, 0.08677423123956433, 0.2276931914691651, 0.393557590790554, 0.29417741101724815], [0.11202269698426473, 0.3241073506090014, 0.9999999999999996, 0.07839766632338485, 0.05076553595616762, 0.0821262007041417, 0.0702171621606537, 0.08900590788199754, 0.054485980087251834, 0.4701741253730819], [0.09341720154837219, 0.09408407414454235, 0.07839766632338485, 1.0, 0.3964305742284336, 0.07700507849797963, 0.4403283203408218, 0.04669006231557296, 0.053660720649436805, 0.07666360123355728], [0.09146648669101534, 0.04068573463036594, 0.05076553595616762, 0.3964305742284336, 0.9999999999999998, 0.2663586038035769, 0.3273191906950875, 0.31120309680977454, 0.06671647933327524, 0.0661838745525966], [0.38785016118401267, 0.23548306789516843, 0.0821262007041417, 0.07700507849797963, 0.2663586038035769, 1.0, 0.254139291584382, 0.27717517212934406, 0.06829933880831221, 0.25782231119679455], [0.11670817666376995, 0.08677423123956433, 0.0702171621606537, 0.4403283203408218, 0.3273191906950875, 0.254139291584382, 0.9999999999999996, 0.09557298174468289, 0.07431268156980761, 0.3621177965010468], [0.11445159799795387, 0.2276931914691651, 0.08900590788199754, 0.04669006231557296, 0.31120309680977454, 0.27717517212934406, 0.09557298174468289, 1.0, 0.4259067157581111, 0.07614413384290383], [0.08837232702002938, 0.393557590790554, 0.054485980087251834, 0.053660720649436805, 0.06671647933327524, 0.06829933880831221, 0.07431268156980761, 0.4259067157581111, 1.0, 0.06923377742814218], [0.14556812025472884, 0.29417741101724815, 0.4701741253730819, 0.07666360123355728, 0.0661838745525966, 0.25782231119679455, 0.3621177965010468, 0.07614413384290383, 0.06923377742814218, 0.9999999999999998]], "products": [{"id": "prod-001", "name": "CodeArena XL Mouse Pad", "category": "MOUSEPAD", "price": 24.99, "stock": 60}, {"id": "prod-002", "name": "CodeArena Hoodie", "category": "HOODIE", "price": 39.99, "stock": 50}, {"id": "prod-003", "name": "CodeArena Zip Hoodie", "category": "HOODIE", "price": 44.99, "stock": 14}, {"id": "prod-004", "name": "Dark Mode Mug", "category": "MUG", "price": 17.99, "stock": 8}, {"id": "prod-005", "name": "Developer Notebook", "category": "NOTEBOOK", "price": 12.99, "stock": 89}, {"id": "prod-006", "name": "Developer Sticker Pack x10", "category": "STICKER", "price": 9.99, "stock": 198}, {"id": "prod-007", "name": "Eat Sleep Code Cap", "category": "CAP", "price": 22.99, "stock": 50}, {"id": "prod-008", "name": "CodeArena Backpack", "category": "BACKPACK", "price": 59.99, "stock": 4}, {"id": "prod-009", "name": "Organic Cotton Hoodie", "category": "HOODIE", "price": 49.99, "stock": 30}, {"id": "prod-010", "name": "Recycled Rubber Mousepad", "category": "MOUSEPAD", "price": 19.99, "stock": 45}, {"id": "prod-011", "name": "Bamboo Developer Mug", "category": "MUG", "price": 21.99, "stock": 25}, {"id": "prod-012", "name": "Eco Paper Stickers", "category": "STICKER", "price": 6.99, "stock": 150}, {"id": "prod-013", "name": "Recycled Paper Notebook", "category": "NOTEBOOK", "price": 14.99, "stock": 70}, {"id": "prod-014", "name": "Sustainable Cap", "category": "CAP", "price": 24.99, "stock": 40}, {"id": "prod-015", "name": "CodeArena T-Shirt", "category": "TSHIRT", "price": 19.99, "stock": 80}, {"id": "prod-016", "name": "Organic Cotton Tee", "category": "TSHIRT", "price": 22.99, "stock": 60}, {"id": "prod-017", "name": "Mechanical Keyboard RGB", "category": "KEYBOARD", "price": 89.99, "stock": 20}, {"id": "prod-018", "name": "Bamboo Wireless Keyboard", "category": "KEYBOARD", "price": 74.99, "stock": 15}, {"id": "prod-019", "name": "Algorithm Poster A2", "category": "POSTER", "price": 14.99, "stock": 100}, {"id": "prod-020", "name": "Recycled Paper Print", "category": "POSTER", "price": 12.99, "stock": 80}, {"id": "prod-021", "name": "CodeArena Premium Backpack", "category": "BACKPACK", "price": 79.99, "stock": 10}, {"id": "prod-022", "name": "Eco Canvas Backpack", "category": "BACKPACK", "price": 54.99, "stock": 20}, {"id": "prod-023", "name": "Dark Mode T-Shirt", "category": "TSHIRT", "price": 18.99, "stock": 90}, {"id": "prod-024", "name": "Bamboo Blend Hoodie", "category": "HOODIE", "price": 54.99, "stock": 25}, {"id": "prod-025", "name": "Reusable Ceramic Mug", "category": "MUG", "price": 15.99, "stock": 35}, {"id": "prod-026", "name": "Vinyl Sticker Set", "category": "STICKER", "price": 11.99, "stock": 200}, {"id": "prod-027", "name": "Bamboo Cover Journal", "category": "NOTEBOOK", "price": 16.99, "stock": 55}, {"id": "prod-028", "name": "CodeArena Snapback", "category": "CAP", "price": 19.99, "stock": 45}, {"id": "prod-029", "name": "Eco Print T-Shirt", "category": "TSHIRT", "price": 21.99, "stock": 75}, {"id": "prod-030", "name": "USB Mechanical Keyboard", "category": "KEYBOARD", "price": 99.99, "stock": 12}, {"id": "prod-031", "name": "Developer Poster Pack", "category": "POSTER", "price": 19.99, "stock": 60}, {"id": "prod-032", "name": "CodeArena Tote Bag", "category": "BACKPACK", "price": 34.99, "stock": 30}, {"id": "prod-033", "name": "Binary Code Mug", "category": "MUG", "price": 13.99, "stock": 40}, {"id": "prod-034", "name": "Premium Sticker Pack", "category": "STICKER", "price": 14.99, "stock": 120}, {"id": "prod-035", "name": "CodeArena Ruled Notebook", "category": "NOTEBOOK", "price": 10.99, "stock": 95}, {"id": "prod-036", "name": "Retro Dev Cap", "category": "CAP", "price": 27.99, "stock": 35}, {"id": "prod-037", "name": "Algorithm T-Shirt", "category": "TSHIRT", "price": 24.99, "stock": 65}, {"id": "prod-038", "name": "Compact Keyboard", "category": "KEYBOARD", "price": 59.99, "stock": 18}, {"id": "prod-039", "name": "Motivational Dev Poster", "category": "POSTER", "price": 9.99, "stock": 110}, {"id": "prod-040", "name": "Recycled Nylon Backpack", "category": "BACKPACK", "price": 64.99, "stock": 22}, {"id": "prod-041", "name": "CodeArena White Mug", "category": "MUG", "price": 12.99, "stock": 50}, {"id": "prod-042", "name": "Holographic Stickers", "category": "STICKER", "price": 7.99, "stock": 180}, {"id": "prod-043", "name": "Leather Cover Notebook", "category": "NOTEBOOK", "price": 24.99, "stock": 40}, {"id": "prod-044", "name": "CodeArena Dad Cap", "category": "CAP", "price": 17.99, "stock": 55}, {"id": "prod-045", "name": "Oversized Dev Hoodie", "category": "HOODIE", "price": 59.99, "stock": 20}, {"id": "prod-046", "name": "CodeArena Polo Shirt", "category": "TSHIRT", "price": 29.99, "stock": 45}, {"id": "prod-047", "name": "Wireless Slim Keyboard", "category": "KEYBOARD", "price": 69.99, "stock": 16}, {"id": "prod-048", "name": "Canvas Art Poster", "category": "POSTER", "price": 17.99, "stock": 75}, {"id": "prod-049", "name": "Mini Backpack", "category": "BACKPACK", "price": 44.99, "stock": 28}, {"id": "prod-050", "name": "Bamboo Travel Mug", "category": "MUG", "price": 19.99, "stock": 30}]}